1	47.611744	-122.347698	best
2	47.47559	-122.204569	best
3	32.93516	-97.017039	best
4	30.302679	-97.76198	good
5	37.48488	-121.926669	best
6	34.22927	-118.995709	best
7	40.759525	-111.888219	medium
8	25.79135	-80.319219	best
9	35.32008	-89.936659	best
10	49.255051	-122.9366	medium
11	43.711281	-79.298599	medium
12	43.711281	-79.298599	medium
13	48.68161	2.169475	medium
14	50.112251	8.6843	medium
15	-33.843071	151.208008	medium
16	51.502571	-0.10453	medium
17	36.980525	-76.429459	medium
18	42.81248	-85.996043	best
19	47.76137	-122.205624	medium
20	47.39522	-122.271159	best
21	32.93516	-97.017039	best
22	42.53358	-96.491629	best
23	37.75488	-121.908259	best
24	37.60421	-122.086999	best
25	33.919925	-118.415964	medium
26	25.79225	-80.312879	best
27	35.33998	-89.871519	best
28	43.711121	-79.298531	medium
29	45.590447	-77.165301	lowest
30	46.806881	-71.21891	medium
31	48.830421	2.36562	medium
32	48.777222	9.18073	medium
33	-33.843071	151.208008	medium
34	53.424858	-2.52824	medium
35	41.49751	-71.548569	best
36	41.73171	-86.295799	best
37	47.159264	-122.303978	good
38	45.783975	-108.505794	medium
39	44.89724	-93.329009	best
40	27.611215	-99.483279	best
41	37.4137	-121.883019	best
42	33.60784	-117.878849	best
43	40.712669	-111.892563	good
44	34.729121	-86.584961	medium
45	36.022399	-86.583594	medium
46	51.04932	-114.058884	medium
47	43.711121	-79.298531	medium
48	45.55386	-73.585411	medium
49	50.745232	3.11474	medium
50	52.473461	13.30985	medium
51	-31.96364	115.934341	medium
52	51.712002	-1.97031	medium
53	42.161381	-71.202865	best
54	40.792751	-73.416299	medium
55	42.37823	-122.884509	best
56	45.52871	-122.572109	good
57	41.90746	-88.241859	best
58	41.880583	-87.629819	best
59	36.351	-119.381089	best
60	37.60788	-122.052559	best
61	33.870325	-117.929104	medium
62	36.167762	-86.778366	medium
63	36.06653	-79.819819	best
64	43.711121	-79.298531	medium
65	43.742549	-79.585695	lowest
66	49.232609	-123.019783	medium
67	48.751091	2.25444	medium
68	50.128319	8.83606	medium
69	-33.843071	151.208008	medium
70	51.506325	-0.127144	medium
71	41.69754	-72.869479	best
72	42.783818	-71.508003	best
73	47.49327	-121.782669	medium
74	45.44615	-122.777349	good
75	32.913865	-96.636554	medium
76	41.99172	-87.979649	best
77	32.55284	-116.935939	best
78	34.06457	-117.647809	medium
79	40.42328	-104.694464	medium
80	26.168707	-80.294942	medium
81	25.728985	-80.237419	medium
82	49.311668	-123.075661	medium
83	45.42128	-75.427757	medium
84	43.724621	-79.550583	medium
85	48.897591	2.25738	medium
86	51.458019	7.01475	medium
87	-33.814602	151.168716	medium
88	52.047501	-0.82876	medium
89	41.29394	-82.192599	best
90	38.883607	-77.439755	good
91	45.53543	-122.862089	best
92	47.75652	-122.152839	best
93	30.48958	-97.607374	good
94	32.97658	-97.251189	best
95	37.682763	-121.901135	best
96	33.72287	-117.839639	best
97	37.518845	-122.010528	best
98	25.790099	-80.334261	best
99	27.338495	-82.380232	best
100	43.843601	-79.30455	medium
101	43.711281	-79.298599	medium
102	43.711281	-79.298599	medium
103	48.90057	2.40866	medium
104	51.22506	6.77568	medium
105	-33.897572	151.195572	medium
106	51.427441	-0.85046	medium
107	42.176845	-71.028317	best
108	43.081906	-70.75435	best
109	47.530095	-122.033799	medium
110	43.492	-112.041994	medium
111	42.07341	-88.299429	best
112	32.778105	-96.795614	medium
113	34.04079	-117.506959	best
114	37.791633	-122.396141	best
115	39.541	-119.749194	medium
116	33.78174	-84.363509	best
117	34.02751	-84.066369	best
118	43.711281	-79.298599	medium
119	45.424513	-71.876907	lowest
120	45.552959	-73.582451	medium
121	47.80982	1.081308	medium
122	52.523781	13.4119	medium
123	-33.796768	151.124344	medium
124	53.800008	-1.751235	lowest
125	41.05336	-73.532569	best
126	42.09951	-76.046149	medium
127	47.67269	-122.146649	best
128	47.4385	-120.357079	best
129	41.96339	-87.978819	best
130	32.778105	-96.795614	medium
131	33.919925	-118.415964	medium
132	39.856231	-105.05953	best
133	37.68498	-121.050769	best
134	35.34214	-89.902484	medium
135	35.149657	-90.048913	medium
136	51.04932	-114.058884	medium
137	51.04932	-114.058884	medium
138	49.311668	-123.075661	medium
139	48.921719	2.24682	medium
140	50.732632	7.09644	medium
141	-33.843071	151.208008	medium
142	53.432129	-2.9731	medium
143	41.278529	-72.863783	good
144	40.73443	-73.989899	best
145	47.67856	-122.130994	medium
146	47.658409	-122.328501	best
147	41.75554	-87.682999	best
148	41.92877	-88.101039	best
149	43.039101	-72.552627	best
150	37.98531	-121.310259	best
151	33.98796	-118.398759	best
152	33.799736	-84.253476	good
153	27.98712	-82.793329	best
154	49.311668	-123.075661	medium
155	43.711281	-79.298599	medium
156	45.55386	-73.585411	medium
157	48.887081	2.38785	medium
158	50.732632	7.09644	medium
159	-33.796768	151.124344	medium
160	52.062462	-1.34096	medium
161	41.075525	-85.099064	medium
162	41.720191	-71.486642	best
163	42.220718	-121.776012	best
164	45.533368	-122.397754	best
165	32.805708	-96.837428	best
166	32.8636	-96.594429	best
167	33.88236	-118.264499	best
168	33.95407	-118.163799	best
169	39.60947	-119.207789	best
170	35.069871	-89.846228	best
171	33.38422	-84.172019	best
172	49.303089	-123.031487	good
173	49.311668	-123.075661	medium
174	49.196671	-122.843811	medium
175	47.91394	1.90986	medium
176	51.96471	7.6285	medium
177	-27.46203	153.060364	medium
178	53.800008	-1.751235	lowest
179	41.67425	-81.322559	best
180	42.66414	-83.332819	best
181	45.42624	-122.485719	best
182	45.4615	-122.639029	best
183	41.882684	-87.62772	best
184	32.99088	-96.942429	best
185	37.37636	-121.848909	best
186	35.63843	-106.016479	best
187	33.85847	-118.082129	best
188	25.738827	-80.240723	good
189	30.67625	-88.124069	best
190	51.04932	-114.058884	medium
191	43.711281	-79.298599	medium
192	43.711281	-79.298599	medium
193	43.611568	1.32465	medium
194	48.139099	11.58027	medium
195	-33.838261	151.206482	medium
196	52.047501	-0.82876	medium
197	42.4918	-83.482209	best
198	42.4619	-83.278429	best
199	47.48747	-122.190779	best
200	47.55565	-122.557989	best
201	32.77663	-96.829239	best
202	33.077717	-96.818825	best
203	34.140146	-118.008346	best
204	33.85428	-118.354049	best
205	33.31745	-111.968638	best
206	36.091139	-80.309396	best
207	35.970006	-77.811492	best
208	43.711281	-79.298599	medium
209	43.82	-79.273567	medium
210	43.710751	-79.300941	medium
211	48.625599	2.54873	medium
212	48.139099	11.58027	medium
213	-37.833881	144.955856	medium
214	54.04863	-2.80051	medium
215	41.12321	-73.314409	best
216	41.5463	-73.026369	best
217	47.212495	-123.105624	medium
218	46.188579	-123.094706	best
219	41.877857	-87.643723	best
220	38.68464	-90.392149	best
221	32.31352	-106.748629	best
222	39.671361	-104.940538	best
223	39.56606	-104.904409	best
224	34.844034	-87.6568	best
225	37.3293	-85.350579	best
226	40.67868	-73.91729	best
227	43.710751	-79.300941	medium
228	45.42128	-75.427757	medium
229	48.921719	2.24682	medium
230	50.140942	8.50455	medium
231	-33.843071	151.208008	medium
232	51.280239	-1.06694	medium
233	43.09751	-75.302949	best
234	39.90978	-86.071979	best
235	47.82532	-122.292409	medium
236	47.60347	-122.329729	medium
237	41.88415	-87.632409	medium
238	38.54112	-92.109769	best
239	34.016659	-118.495134	best
240	33.787865	-117.850399	medium
241	34.201965	-118.601564	medium
242	25.797383	-80.368865	best
243	25.64545	-80.333499	medium
244	45.554989	-73.589233	medium
245	45.473549	-73.454239	medium
246	45.55386	-73.585411	medium
247	48.740269	2.40305	medium
248	49.300831	7.06602	medium
249	-38.106258	145.142151	medium
250	51.476929	-0.20498	medium
251	41.33577	-72.935159	best
252	41.23793	-73.021999	best
253	47.14747	-122.292949	best
254	47.66066	-122.153399	best
255	29.71017	-95.331469	best
256	32.79222	-96.796679	best
257	33.12316	-117.082169	medium
258	38.57906	-121.490999	medium
259	34.290043	-118.738634	good
260	25.749049	-80.271677	best
261	28.663623	-81.367632	best
262	51.04932	-114.058884	medium
263	49.255001	-123.00016	medium
264	43.710751	-79.300941	medium
265	48.857079	2.25657	medium
266	51.089649	6.5856	medium
267	-37.81456	144.970276	medium
268	51.603192	-0.705431	lowest
269	41.588	-81.501829	best
270	41.42584	-81.522849	best
271	45.578058	-122.334381	best
272	47.23889	-122.435151	best
273	30.50904	-97.677224	medium
274	46.80425	-92.153459	best
275	33.839498	-118.142901	good
276	34.20034	-119.180439	medium
277	34.0937	-118.127269	medium
278	28.44343	-81.400599	best
279	35.05802	-89.865479	best
280	44.369678	-79.690887	medium
281	45.55386	-73.585411	medium
282	46.761349	-71.29953	medium
283	48.791451	2.66472	medium
284	52.473461	13.30985	medium
285	-33.796768	151.124344	medium
286	51.397129	-1.07479	medium
287	42.51805	-83.106339	best
288	42.33662	-83.346159	best
289	47.483995	-122.217476	best
290	48.744819	-122.465357	best
291	29.8057	-94.977779	best
292	29.735565	-95.644099	good
293	37.79887	-97.325829	best
294	33.158741	-117.242409	good
295	34.20034	-119.180439	medium
296	33.532031	-86.719674	best
297	38.25258	-85.651369	best
298	29.385651	-98.525909	good
299	45.249119	-65.995941	medium
300	45.42128	-75.427757	medium
301	48.887081	2.38785	medium
302	50.10099	8.77443	medium
303	-33.838261	151.206482	medium
304	51.647743	-1.26601	good
305	41.66587	-86.894049	best
306	42.19946	-83.180469	best
307	47.234176	-122.294193	best
308	47.92372	-122.226429	best
309	29.791882	-95.372236	best
310	40.739578	-89.594323	best
311	34.156182	-117.660946	good
312	33.984546	-118.393034	good
313	32.807025	-116.967399	good
314	34.31556	-88.701449	best
315	28.357095	-80.685989	medium
316	43.5849	-79.58815	medium
317	49.260921	-122.913788	medium
318	48.416489	-123.368294	medium
319	48.907318	2.44314	medium
320	50.112251	8.6843	medium
321	-33.95755	151.23085	medium
322	52.042389	-0.79518	medium
323	42.331685	-83.047779	medium
324	43.035323	-76.061696	medium
325	47.79149	-122.243849	best
326	47.357781	-122.300131	best
327	38.645266	-90.405268	best
328	29.45648	-98.507879	best
329	33.934271	-118.120255	good
330	36.32806	-119.671051	best
331	34.068626	-117.55726	good
332	32.38142	-86.271469	best
333	35.169419	-85.181419	medium
334	43.489941	-80.57148	medium
335	43.657822	-79.613609	medium
336	45.554989	-73.589233	medium
337	48.88894	2.24119	lowest
338	48.777222	9.18073	medium
339	-33.95755	151.23085	medium
340	50.953098	-0.1534	medium
341	43.185822	-76.225166	best
342	39.635308	-86.152754	best
343	46.989026	-120.548519	best
344	47.95975	-122.210899	best
345	30.00144	-95.269029	best
346	41.491733	-90.489899	medium
347	38.35134	-121.993394	medium
348	40.39272	-105.073899	medium
349	37.338475	-121.885794	medium
350	36.30944	-86.672399	best
351	33.447745	-84.147729	medium
352	42.362629	-83.124512	good
353	49.899422	-97.140732	medium
354	51.04932	-114.058884	medium
355	48.862541	2.35932	medium
356	53.549831	9.9733	medium
357	-34.905479	138.532562	medium
358	39.964531	-76.724289	medium
359	39.144581	-84.623449	best
360	43.408	-83.988929	best
361	48.07946	-123.11992	best
362	47.67175	-117.411149	best
363	37.029607	-92.200683	medium
364	38.7696	-90.280139	best
365	34.892965	-117.025827	medium
366	34.001171	-118.154999	medium
367	32.870107	-117.225183	good
368	33.774025	-84.296589	medium
369	39.00085	-84.630994	medium
370	51.04932	-114.058884	medium
371	49.196671	-122.843811	medium
372	40.679626	-73.941055	best
373	48.68161	2.169475	medium
374	52.148521	10.32491	medium
375	-27.47965	153.045975	medium
376	42.51104	-73.194267	medium
377	43.4813	-84.091189	best
378	39.3029	-84.465459	best
379	45.528	-122.639763	best
380	41.160281	-104.778884	best
381	38.509524	-90.332349	best
382	29.520094	-98.502548	best
383	34.055282	-117.18258	medium
384	32.557644	-117.060435	good
385	37.004385	-121.571669	medium
386	33.608054	-78.975468	best
387	34.729121	-86.584961	medium
388	49.311668	-123.075661	medium
389	49.196671	-122.843811	medium
390	43.489941	-80.57148	medium
391	48.84539	2.35129	medium
392	53.558338	9.99628	medium
393	-33.84753	151.211563	medium
394	39.964531	-76.724289	medium
395	43.61802	-84.247129	best
396	39.93123	-85.370929	medium
397	47.57104	-122.361239	best
398	48.45832	-116.474439	best
399	31.09034	-97.720159	best
400	41.52188	-88.060079	best
401	36.17183	-115.139764	medium
402	34.222915	-119.050699	medium
403	33.667578	-117.327868	medium
404	35.948335	-85.026479	medium
405	36.528118	-82.523087	best
406	45.548173	-73.576668	lowest
407	45.55386	-73.585411	medium
408	49.303089	-123.031487	good
409	43.381268	0.502504	medium
410	54.322681	10.13586	medium
411	-33.838261	151.206482	medium
412	52.442169	-1.94065	medium
413	41.331089	-74.129983	medium
414	40.113605	-85.560804	medium
415	47.657154	-117.348404	best
416	46.562995	-120.474434	good
417	29.49207	-98.401119	best
418	42.69753	-87.854109	best
419	33.880676	-118.072891	good
420	34.15801	-118.448549	good
421	33.97542	-118.034424	medium
422	35.082651	-81.70926	good
423	30.39037	-88.986094	good
424	43.876556	-79.439575	good
425	43.724621	-79.550583	medium
426	43.68108	-79.741783	medium
427	48.87595	2.36243	medium
428	52.37199	9.73573	medium
429	-33.101379	151.561996	medium
430	51.4128	-0.7878	medium
431	42.77309	-86.101754	medium
432	39.776696	-85.949857	good
433	47.044465	-122.823189	medium
434	46.844485	-114.025389	good
435	27.6921	-97.363419	best
436	30.62894	-96.303159	best
437	33.499416	-111.953493	good
438	36.17183	-115.139764	medium
439	32.221553	-110.969754	medium
440	28.53774	-81.377389	medium
441	37.055543	-84.62801	good
442	43.710751	-79.300941	medium
443	43.910099	-79.437714	medium
444	51.04932	-114.058884	medium
445	48.90057	2.40866	medium
446	52.523781	13.4119	medium
447	-33.700642	150.558746	medium
448	53.402969	-2.51854	medium
449	36.852925	-76.018424	good
450	42.46532	-71.009705	medium
451	42.326299	-122.856296	good
452	44.62775	-123.076779	good
453	43.04181	-87.906844	medium
454	43.04657	-102.347509	medium
455	32.814915	-116.767419	good
456	33.71536	-117.760019	good
457	33.417045	-111.831459	medium
458	30.392945	-86.495772	medium
459	33.042885	-85.014999	good
460	45.480919	-73.458557	medium
461	43.580009	-79.640099	medium
462	49.278999	-123.114853	medium
463	48.68161	2.169475	medium
464	49.23373	6.98654	medium
465	-33.82325	151.195496	medium
466	51.536518	-0.73514	medium
467	38.88549	-77.173624	medium
468	41.916065	-83.397899	medium
469	46.662105	-122.964619	medium
470	46.216127	-119.22516	best
471	29.36072	-98.571459	best
472	41.953505	-87.814579	medium
473	33.70072	-112.202209	best
474	40.77898	-124.187599	best
475	33.47659	-112.220699	best
476	32.506302	-84.943138	best
477	28.071807	-82.429306	good
478	49.303089	-123.031487	good
479	45.423374	-71.91861	good
480	43.580009	-79.640099	medium
481	47.80982	1.081308	medium
482	51.480389	12.70963	medium
483	-33.830761	151.088104	medium
484	51.482819	-0.61056	medium
485	39.11567	-77.565299	medium
486	42.206391	-71.004817	medium
487	44.941212	-122.983162	best
488	46.418657	-117.01666	medium
489	30.471849	-97.802177	best
490	32.80908	-96.637829	good
491	37.68498	-121.050769	best
492	34.072179	-117.976674	best
493	38.672397	-121.271694	best
494	25.728985	-80.237419	medium
495	28.04419	-81.947864	medium
496	53.546211	-113.490387	medium
497	49.278999	-123.114853	medium
498	43.580009	-79.640099	medium
499	47.91394	1.90986	medium
500	51.05085	13.73361	medium
501	-33.965382	151.245972	medium
502	51.506325	-0.127144	medium
503	43.097045	-71.465184	medium
504	42.398495	-83.295844	medium
505	46.142061	-122.90064	good
506	42.850095	-106.327734	medium
507	29.637249	-95.586592	good
508	32.01111	-97.091199	good
509	32.250324	-110.853444	best
510	37.829112	-122.165361	medium
511	37.5629	-122.281479	best
512	36.167762	-86.778366	medium
513	39.087785	-84.489514	medium
514	49.278999	-123.114853	medium
515	43.69389	-79.31459	medium
516	41.932152	-74.023216	medium
517	48.68161	2.169475	medium
518	52.523781	13.4119	medium
519	-37.81456	144.970276	medium
520	51.52187	-0.21884	medium
521	42.009524	-71.463261	good
522	42.903875	-78.743784	medium
523	40.13873	-105.130869	best
524	35.511515	-78.346714	medium
525	32.65347	-83.759004	medium
526	45.387396	-75.388478	medium
527	39.518597	-104.728187	best
528	38.423674	-121.416403	best
529	34.22051	-119.090819	best
530	28.53774	-81.377389	medium
531	27.63885	-80.394224	medium
532	45.297161	-75.879707	medium
533	46.76825	-71.263741	medium
534	43.580009	-79.640099	medium
535	49.025452	2.06307	medium
536	52.473461	13.30985	medium
537	-33.830761	151.088104	medium
538	51.587872	-0.04237	medium
539	43.443758	-73.701943	medium
540	40.989285	-81.994779	medium
541	47.507145	-111.306074	medium
542	47.678855	-122.207244	medium
543	43.075888	-88.775009	medium
544	39.044689	-94.439041	best
545	37.61551	-122.406479	best
546	40.416766	-105.000617	best
547	37.93326	-122.060719	best
548	32.237215	-80.861334	medium
549	27.965605	-82.800569	medium
550	46.806881	-71.21891	medium
551	43.710751	-79.300941	medium
552	43.710751	-79.300941	medium
553	48.873241	2.3111	medium
554	51.715248	8.75213	medium
555	-33.87645	151.216309	medium
556	51.506325	-0.127144	medium
557	42.0655	-71.329514	medium
558	43.44223	-71.588253	medium
559	41.159628	-104.801242	good
560	41.584116	-109.256159	good
561	29.59687	-95.623268	best
562	44.919876	-92.940617	medium
563	33.3357	-111.736109	best
564	36.23867	-115.207619	best
565	33.1735	-117.223719	best
566	30.427703	-89.097719	good
567	35.788597	-83.5559	medium
568	43.710751	-79.300941	medium
569	45.269772	-75.754982	medium
570	45.552959	-73.582451	medium
571	50.729698	1.60621	medium
572	52.264141	10.52638	medium
573	-33.830761	151.088104	medium
574	51.522869	-0.10582	medium
575	39.106444	-84.504732	medium
576	40.758525	-82.514804	medium
577	47.238316	-122.480264	best
578	47.159656	-122.293406	best
579	45.512096	-92.96501	medium
580	29.42449	-98.494624	medium
581	35.24158	-106.660029	medium
582	34.18416	-118.446517	medium
583	33.63862	-112.324809	best
584	32.08078	-81.090719	medium
585	35.073949	-89.910772	good
586	45.55386	-73.585411	medium
587	45.42128	-75.427757	medium
588	49.256161	-122.99305	medium
589	48.877041	2.33787	medium
590	39.58014	-95.302229	lowest
591	-37.81456	144.970276	medium
592	51.47897	-0.12293	medium
593	41.615506	-83.697411	good
594	42.758365	-71.464209	medium
595	44.63548	-123.107714	medium
596	47.909918	-122.222652	best
597	29.76045	-95.369784	medium
598	36.64156	-93.217894	medium
599	36.62144	-121.841979	best
600	33.89387	-118.046519	best
601	40.59902	-111.890839	best
602	35.740959	-83.996712	best
603	25.690408	-80.307911	good
604	45.43257	-122.579239	best
605	47.65726	-117.412279	medium
606	44.857122	-89.620789	good
607	29.35906	-94.967159	good
608	32.77981	-117.009753	best
609	38.96316	-121.135229	best
610	33.49401	-111.921409	medium
611	27.4955	-82.578074	medium
612	26.01175	-80.135069	best
613	49.262581	-123.102798	medium
614	48.887321	2.30471	medium
615	51.33976	12.37136	medium
616	-33.95755	151.23085	medium
617	51.674488	-1.278369	good
618	42.837395	-71.095334	medium
619	42.483791	-76.487633	best
620	41.15964	-104.716879	best
621	48.75235	-122.471219	medium
622	39.806245	-88.286854	medium
623	45.05064	-93.391989	good
624	33.714453	-111.886339	best
625	33.29153	-111.859059	best
626	36.11446	-115.159159	best
627	35.84936	-78.586449	best
628	25.728985	-80.237419	medium
629	51.04932	-114.058884	medium
630	43.710579	-79.300873	medium
631	43.710579	-79.300873	medium
632	48.70211	2.33609	medium
633	48.36462	10.89168	medium
634	-33.830761	151.088104	medium
635	52.2271	0.13387	medium
636	40.75721	-86.313713	best
637	43.710579	-79.300873	medium
638	48.83503	2.44465	medium
639	49.680463	10.526249	medium
640	-31.9247	115.854103	medium
641	51.477551	-0.14661	medium
642	43.086874	-70.749885	medium
643	42.97583	-82.428449	medium
644	44.07074	-123.042009	best
645	45.484895	-122.796153	medium
646	38.62761	-90.198954	medium
647	32.759084	-97.100301	good
648	33.919925	-118.415964	medium
649	33.748136	-117.874491	medium
650	39.46958	-119.780329	best
651	33.49255	-82.078119	best
652	33.94742	-84.632449	best
653	43.710579	-79.300873	medium
654	44.002441	-79.444717	medium
655	45.462238	-73.726387	medium
656	48.854839	2.31158	medium
657	48.136416	11.577526	medium
658	-33.897572	151.195572	medium
659	51.420471	-0.20665	medium
660	42.60544	-83.924909	medium
661	51.04932	-114.058884	medium
662	50.675381	3.15502	medium
663	48.362301	10.90018	medium
664	-37.81456	144.970276	medium
665	51.506325	-0.127144	medium
666	40.025809	-82.91229	good
667	40.66291	-73.722542	best
668	46.13766	-122.902519	best
669	47.32059	-122.326679	best
670	39.000175	-93.953584	medium
671	29.42449	-98.494624	medium
672	41.178793	-111.949369	best
673	40.884448	-111.864445	best
674	37.658131	-122.46646	best
675	25.93465	-80.150829	best
676	33.81822	-84.617939	best
677	45.42128	-75.427757	medium
678	43.710579	-79.300873	medium
679	45.552319	-73.580429	medium
680	35.271978	-116.697438	lowest
681	49.300831	7.06602	medium
682	-32.930859	151.780136	medium
683	51.506325	-0.127144	medium
684	41.225019	-73.057314	medium
685	45.554989	-73.589233	medium
686	48.87101	2.21828	medium
687	48.139099	11.58027	medium
688	-33.867142	151.207108	medium
689	51.493309	-0.13715	medium
690	40.030441	-82.44352	best
691	41.334745	-72.976924	good
692	45.4565	-122.781699	best
693	45.50676	-122.961109	best
694	44.173715	-93.245759	medium
695	38.98453	-94.603874	good
696	40.53913	-111.938679	best
697	40.56561	-112.295979	best
698	37.66649	-113.063732	best
699	35.44998	-80.600569	best
700	35.29672	-80.740745	best
701	51.04932	-114.058884	medium
